MWD
100.00
168.00
133.00
162.00
100.00
152.00
216.00
177.00
166.00
168.00
166.00
177.00
181.00
112.00
185.00
202.00
227.00
173.00
160.00
158.00
 76.00
167.00
154.00
187.00
143.00
115.00
137.00
103.00
108.00
175.00
115.00
148.00
223.00
196.00
171.00
252.00
124.00
 98.00
141.00
105.00
165.00
101.00
225.00
164.00
160.00
 89.00
108.00
197.00
165.00
 86.00
159.00
 51.00
211.00
276.00
160.00
177.00
179.00
180.00
 53.00
 93.00
138.00
159.00
 95.00
 95.00
130.00
161.00
220.00
176.00
174.00
116.00
115.00
263.00
140.00
126.00
154.00
172.00
106.00